7DF 01 00
7E8 41 00 BE 1F A8 13
7EA 41 00 98 1A 80 13
7EE 41 00 98 1A 80 13
7DF 01 00
7E8 41 00 BE 1F A8 13
7EA 41 00 98 1A 80 13
7EE 41 00 98 1A 80 13
7DF 01 00
7E8 41 00 BE 1F A8 13
7EA 41 00 98 1A 80 13
7EE 41 00 98 1A 80 13
7DF 01 20
7E8 41 20 90 05 B0 15
7EA 41 20 80 01 A0 01
7EE 41 20 80 01 80 01
7DF 01 40
7E8 41 40 7A 1C 8C 01
7EA 41 40 C4 CC 00 21
7EE 41 40 C4 0C 00 01
7DF 01 60
7E8 41 60 00 80 00 01
7EA 41 60 08 00 00 01
7EE 41 60 08 00 00 01
7DF 01 80
7E8 41 80 02 00 00 00
7EA 41 80 02 00 00 40
7EE 41 80 00 00 00 40
7DF 01 01
7E8 41 01 00 07 A1 00
7EA 41 01 00 04 00 00
7EE 41 01 00 04 00 00
7DF 06 00
7E8 46 00 C0 00 00 01
7DF 06 20
7E8 46 20 80 00 88 01
7DF 06 40
7E8 46 40 00 00 00 01
7DF 06 60
7E8 46 60 00 00 00 01
7DF 06 80
7E8 46 80 00 00 00 01
7DF 06 A0
7E8 46 A0 F8 00 00 00
7DF 08 00
7DF 09 00
7EE 49 00 14 40 00 00
7E8 49 00 55 40 00 00
7EA 49 00 15 40 00 00
7DF 01 1C
7E8 41 1C 06
7EA 41 1C 06
7EE 41 1C 0D
7DF 01 13
7E8 41 13 03
7DF 09 0A
7E8 49 0A 01 45 43 4D 00 2D 45 6E 67 69 6E 65 43 6F 6E 74 72 6F 6C 00 00 00
7EA 49 0A 01 48 50 43 4D 2D 48 79 62 72 69
7EE 49 0A 01 44 4D 43
7DF 01 00
7EA 41 00 98 1A 80 13
7EE 41 00 98 1A 80 13
7E8 41 00 BE 1F A8 13
7DF 01 20
7EE 41 20 80 01 80 01
7E8 41 20 90 05 B0 15
7EA 41 20 80 01 A0 01
7DF 01 40
7DF 01 60
7E8 41 60 00 80 00 01
7EA 41 60 08 00 00 01
7EE 41 60 08 00 00 01
7DF 01 80
7E8 41 80 02 00 00 00
7EA 41 80 02 00 00 40
7EE 41 80 00 00 00 40
7DF 01 01
7E8 41 01 00 07 A1 00
7DF 06 00
7E8 46 00 C0 00 00 01
7DF 08 00
7DF 09 00
7E8 49 00 55 40 00 00
7EA 49 00 15 40 00 00
7DF 01 1C
7E8 41 1C 06
7EA 41 1C 06
7EE 41 1C 0D
7DF 09 0A
7E8 49 0A 01 45 43 4D
7EA 49 0A 01 48 50 43 4D 2D 48 79 62 72 69 64 50 74 43 74 72 6C
7DF 01 00
7E8 41 00 BE 1F A8 13
7EA 41 00 98 1A 80 13
7EE 41 00 98 1A 80 13
7DF 01 20
7EE 41 20 80 01 80 01
7E8 41 20 90 05 B0 15
7EA 41 20 80 01 A0 01
7DF 01 40
7E8 41 40 7A 1C 8C 01
7EA 41 40 C4 CC 00 21
7EE 41 40 C4 0C 00 01
7DF 01 60
7E8 41 60 00 80 00 01
7EA 41 60 08 00 00 01
7EE 41 60 08 00 00 01
7DF 01 80
7EE 41 80 00 00 00 40
7E8 41 80 02 00 00 00
7EA 41 80 02 00 00 40
7DF 01 01
7E8 41 01 00 07 A1 00
7EA 41 01 00 04 00 00
7EE 41 01 00 04 00 00
7DF 06 00
7E8 46 00 C0 00 00 01
7DF 08 00
7DF 09 00
7E8 49 00 55 40 00 00
7EA 49 00 15 40 00 00
7DF 01 1C
7E8 41 1C 06
7EA 41 1C 06
7EE 41 1C 0D
7DF 09 0A
7EE 49 0A 01 44 4D 43 4D 2D 44 72 69 76 65
7DF 01 01
7E8 41 01 00 07 A1 00
7EA 41 01 00 04 00 00
7DF 09 02
7E8 49 02 01 4E 4D 54 4B 5A 33 42 58 32 30 52 33 32 32 35 35 30
7DF 09 04
7E8 49 04 02 38 39 36
7EA 49 04 02 38 39 39
7DF 09 06
7EE 49 06 02 6C 92 1E
7E8 49 06 02 CC 6B BB
7DF 03
7E8 43 00
7EA 43 00
7EE 43 00
7DF 07
7E8 47 00
7EA 47 00
7EE 47 00
7DF 01 01
7EE 41 01 00 04 00 00
7E8 41 01 00 07 A1 00
7EA 41 01 00 04 00 00
7DF 02 02 00
7E8 42 02 00 00 00
7EA 42 02 00 00 00
7EE 42 02 00 00 00
7DF 01 01
7E8 41 01 00 07 A1 00
7EA 41 01 00 04 00 00
7EE 41 01 00 04 00 00
7DF 01 01
7E8 41 01 00 07 A1 00
7EA 41 01 00 04 00 00
7EE 41 01 00 04 00 00
